{
 "cells": [
  {
   "cell_type": "code",
   "execution_count": 115,
   "metadata": {
    "collapsed": false
   },
   "outputs": [],
   "source": [
    "import os\n",
    "import math\n",
    "import numpy as np\n",
    "import pandas as pd\n",
    "import seaborn as sns\n",
    "import matplotlib.pyplot as plt\n",
    "%matplotlib inline\n",
    "plt.style.use('ggplot')\n",
    "\n",
    "import sklearn\n",
    "from sklearn import preprocessing\n"
   ]
  },
  {
   "cell_type": "code",
   "execution_count": 3,
   "metadata": {
    "collapsed": false
   },
   "outputs": [],
   "source": [
    "films = pd.read_csv('films_profit.csv')"
   ]
  },
  {
   "cell_type": "code",
   "execution_count": 4,
   "metadata": {
    "collapsed": false
   },
   "outputs": [
    {
     "data": {
      "text/html": [
       "<div>\n",
       "<table border=\"1\" class=\"dataframe\">\n",
       "  <thead>\n",
       "    <tr style=\"text-align: right;\">\n",
       "      <th></th>\n",
       "      <th>title</th>\n",
       "      <th>release_week</th>\n",
       "      <th>runtime</th>\n",
       "      <th>budget</th>\n",
       "      <th>revenue</th>\n",
       "      <th>profit</th>\n",
       "      <th>animation</th>\n",
       "      <th>adventure</th>\n",
       "      <th>comedy</th>\n",
       "      <th>fantasy</th>\n",
       "      <th>family</th>\n",
       "      <th>horror</th>\n",
       "      <th>science fiction</th>\n",
       "      <th>thriller</th>\n",
       "      <th>genres</th>\n",
       "      <th>hit</th>\n",
       "    </tr>\n",
       "  </thead>\n",
       "  <tbody>\n",
       "    <tr>\n",
       "      <th>0</th>\n",
       "      <td>Toy Story</td>\n",
       "      <td>44</td>\n",
       "      <td>81.0</td>\n",
       "      <td>30000000</td>\n",
       "      <td>373554033</td>\n",
       "      <td>156777016.5</td>\n",
       "      <td>1</td>\n",
       "      <td>0</td>\n",
       "      <td>1</td>\n",
       "      <td>0</td>\n",
       "      <td>1</td>\n",
       "      <td>0</td>\n",
       "      <td>0</td>\n",
       "      <td>0</td>\n",
       "      <td>[{'id': 16, 'name': 'Animation'}, {'id': 35, '...</td>\n",
       "      <td>1</td>\n",
       "    </tr>\n",
       "    <tr>\n",
       "      <th>1</th>\n",
       "      <td>Jumanji</td>\n",
       "      <td>50</td>\n",
       "      <td>104.0</td>\n",
       "      <td>65000000</td>\n",
       "      <td>262797249</td>\n",
       "      <td>66398624.5</td>\n",
       "      <td>0</td>\n",
       "      <td>1</td>\n",
       "      <td>0</td>\n",
       "      <td>1</td>\n",
       "      <td>1</td>\n",
       "      <td>0</td>\n",
       "      <td>0</td>\n",
       "      <td>0</td>\n",
       "      <td>[{'id': 12, 'name': 'Adventure'}, {'id': 14, '...</td>\n",
       "      <td>1</td>\n",
       "    </tr>\n",
       "    <tr>\n",
       "      <th>2</th>\n",
       "      <td>Waiting to Exhale</td>\n",
       "      <td>51</td>\n",
       "      <td>127.0</td>\n",
       "      <td>16000000</td>\n",
       "      <td>81452156</td>\n",
       "      <td>24726078.0</td>\n",
       "      <td>0</td>\n",
       "      <td>0</td>\n",
       "      <td>1</td>\n",
       "      <td>0</td>\n",
       "      <td>0</td>\n",
       "      <td>0</td>\n",
       "      <td>0</td>\n",
       "      <td>0</td>\n",
       "      <td>[{'id': 35, 'name': 'Comedy'}, {'id': 18, 'nam...</td>\n",
       "      <td>0</td>\n",
       "    </tr>\n",
       "    <tr>\n",
       "      <th>3</th>\n",
       "      <td>Heat</td>\n",
       "      <td>50</td>\n",
       "      <td>170.0</td>\n",
       "      <td>60000000</td>\n",
       "      <td>187436818</td>\n",
       "      <td>33718409.0</td>\n",
       "      <td>0</td>\n",
       "      <td>0</td>\n",
       "      <td>0</td>\n",
       "      <td>0</td>\n",
       "      <td>0</td>\n",
       "      <td>0</td>\n",
       "      <td>0</td>\n",
       "      <td>1</td>\n",
       "      <td>[{'id': 28, 'name': 'Action'}, {'id': 80, 'nam...</td>\n",
       "      <td>0</td>\n",
       "    </tr>\n",
       "    <tr>\n",
       "      <th>4</th>\n",
       "      <td>Sudden Death</td>\n",
       "      <td>51</td>\n",
       "      <td>106.0</td>\n",
       "      <td>35000000</td>\n",
       "      <td>64350171</td>\n",
       "      <td>-2824914.5</td>\n",
       "      <td>0</td>\n",
       "      <td>1</td>\n",
       "      <td>0</td>\n",
       "      <td>0</td>\n",
       "      <td>0</td>\n",
       "      <td>0</td>\n",
       "      <td>0</td>\n",
       "      <td>1</td>\n",
       "      <td>[{'id': 28, 'name': 'Action'}, {'id': 12, 'nam...</td>\n",
       "      <td>0</td>\n",
       "    </tr>\n",
       "  </tbody>\n",
       "</table>\n",
       "</div>"
      ],
      "text/plain": [
       "               title  release_week  runtime    budget    revenue       profit  \\\n",
       "0          Toy Story            44     81.0  30000000  373554033  156777016.5   \n",
       "1            Jumanji            50    104.0  65000000  262797249   66398624.5   \n",
       "2  Waiting to Exhale            51    127.0  16000000   81452156   24726078.0   \n",
       "3               Heat            50    170.0  60000000  187436818   33718409.0   \n",
       "4       Sudden Death            51    106.0  35000000   64350171   -2824914.5   \n",
       "\n",
       "   animation  adventure  comedy  fantasy  family  horror  science fiction  \\\n",
       "0          1          0       1        0       1       0                0   \n",
       "1          0          1       0        1       1       0                0   \n",
       "2          0          0       1        0       0       0                0   \n",
       "3          0          0       0        0       0       0                0   \n",
       "4          0          1       0        0       0       0                0   \n",
       "\n",
       "   thriller                                             genres  hit  \n",
       "0         0  [{'id': 16, 'name': 'Animation'}, {'id': 35, '...    1  \n",
       "1         0  [{'id': 12, 'name': 'Adventure'}, {'id': 14, '...    1  \n",
       "2         0  [{'id': 35, 'name': 'Comedy'}, {'id': 18, 'nam...    0  \n",
       "3         1  [{'id': 28, 'name': 'Action'}, {'id': 80, 'nam...    0  \n",
       "4         1  [{'id': 28, 'name': 'Action'}, {'id': 12, 'nam...    0  "
      ]
     },
     "execution_count": 4,
     "metadata": {},
     "output_type": "execute_result"
    }
   ],
   "source": [
    "films.head()"
   ]
  },
  {
   "cell_type": "code",
   "execution_count": 6,
   "metadata": {
    "collapsed": false
   },
   "outputs": [
    {
     "data": {
      "text/plain": [
       " 0    3740\n",
       "-1     896\n",
       " 1     753\n",
       "Name: hit, dtype: int64"
      ]
     },
     "execution_count": 6,
     "metadata": {},
     "output_type": "execute_result"
    }
   ],
   "source": [
    "films.hit.value_counts()"
   ]
  },
  {
   "cell_type": "code",
   "execution_count": 12,
   "metadata": {
    "collapsed": false
   },
   "outputs": [
    {
     "name": "stdout",
     "output_type": "stream",
     "text": [
      "(5389, 16)\n",
      "Hit rate: 0.139729077751\n"
     ]
    }
   ],
   "source": [
    "print films.shape\n",
    "print \"Hit rate:\", 753/5389."
   ]
  },
  {
   "cell_type": "code",
   "execution_count": 13,
   "metadata": {
    "collapsed": false
   },
   "outputs": [
    {
     "data": {
      "text/html": [
       "<div>\n",
       "<table border=\"1\" class=\"dataframe\">\n",
       "  <thead>\n",
       "    <tr style=\"text-align: right;\">\n",
       "      <th></th>\n",
       "      <th>release_week</th>\n",
       "      <th>runtime</th>\n",
       "      <th>budget</th>\n",
       "      <th>revenue</th>\n",
       "      <th>profit</th>\n",
       "      <th>animation</th>\n",
       "      <th>adventure</th>\n",
       "      <th>comedy</th>\n",
       "      <th>fantasy</th>\n",
       "      <th>family</th>\n",
       "      <th>horror</th>\n",
       "      <th>science fiction</th>\n",
       "      <th>thriller</th>\n",
       "      <th>hit</th>\n",
       "    </tr>\n",
       "  </thead>\n",
       "  <tbody>\n",
       "    <tr>\n",
       "      <th>release_week</th>\n",
       "      <td>1.000000</td>\n",
       "      <td>0.127273</td>\n",
       "      <td>0.028936</td>\n",
       "      <td>0.034558</td>\n",
       "      <td>0.028286</td>\n",
       "      <td>0.016188</td>\n",
       "      <td>0.015328</td>\n",
       "      <td>-0.054461</td>\n",
       "      <td>-0.007646</td>\n",
       "      <td>0.012673</td>\n",
       "      <td>-0.041054</td>\n",
       "      <td>-0.028320</td>\n",
       "      <td>-0.023953</td>\n",
       "      <td>0.027287</td>\n",
       "    </tr>\n",
       "    <tr>\n",
       "      <th>runtime</th>\n",
       "      <td>0.127273</td>\n",
       "      <td>1.000000</td>\n",
       "      <td>0.192669</td>\n",
       "      <td>0.190057</td>\n",
       "      <td>0.132871</td>\n",
       "      <td>-0.211934</td>\n",
       "      <td>0.067566</td>\n",
       "      <td>-0.246059</td>\n",
       "      <td>-0.031648</td>\n",
       "      <td>-0.174122</td>\n",
       "      <td>-0.178144</td>\n",
       "      <td>-0.030904</td>\n",
       "      <td>-0.004475</td>\n",
       "      <td>0.055456</td>\n",
       "    </tr>\n",
       "    <tr>\n",
       "      <th>budget</th>\n",
       "      <td>0.028936</td>\n",
       "      <td>0.192669</td>\n",
       "      <td>1.000000</td>\n",
       "      <td>0.734253</td>\n",
       "      <td>0.340335</td>\n",
       "      <td>0.193761</td>\n",
       "      <td>0.379159</td>\n",
       "      <td>-0.052272</td>\n",
       "      <td>0.248664</td>\n",
       "      <td>0.220875</td>\n",
       "      <td>-0.127755</td>\n",
       "      <td>0.193480</td>\n",
       "      <td>0.020046</td>\n",
       "      <td>0.064797</td>\n",
       "    </tr>\n",
       "    <tr>\n",
       "      <th>revenue</th>\n",
       "      <td>0.034558</td>\n",
       "      <td>0.190057</td>\n",
       "      <td>0.734253</td>\n",
       "      <td>1.000000</td>\n",
       "      <td>0.888242</td>\n",
       "      <td>0.194943</td>\n",
       "      <td>0.322242</td>\n",
       "      <td>-0.030508</td>\n",
       "      <td>0.211556</td>\n",
       "      <td>0.211374</td>\n",
       "      <td>-0.083568</td>\n",
       "      <td>0.135774</td>\n",
       "      <td>-0.023834</td>\n",
       "      <td>0.525448</td>\n",
       "    </tr>\n",
       "    <tr>\n",
       "      <th>profit</th>\n",
       "      <td>0.028286</td>\n",
       "      <td>0.132871</td>\n",
       "      <td>0.340335</td>\n",
       "      <td>0.888242</td>\n",
       "      <td>1.000000</td>\n",
       "      <td>0.138901</td>\n",
       "      <td>0.189768</td>\n",
       "      <td>-0.006886</td>\n",
       "      <td>0.124760</td>\n",
       "      <td>0.143312</td>\n",
       "      <td>-0.029301</td>\n",
       "      <td>0.057136</td>\n",
       "      <td>-0.046577</td>\n",
       "      <td>0.683947</td>\n",
       "    </tr>\n",
       "    <tr>\n",
       "      <th>animation</th>\n",
       "      <td>0.016188</td>\n",
       "      <td>-0.211934</td>\n",
       "      <td>0.193761</td>\n",
       "      <td>0.194943</td>\n",
       "      <td>0.138901</td>\n",
       "      <td>1.000000</td>\n",
       "      <td>0.202769</td>\n",
       "      <td>0.070356</td>\n",
       "      <td>0.159828</td>\n",
       "      <td>0.573617</td>\n",
       "      <td>-0.083835</td>\n",
       "      <td>-0.001333</td>\n",
       "      <td>-0.140141</td>\n",
       "      <td>0.070761</td>\n",
       "    </tr>\n",
       "    <tr>\n",
       "      <th>adventure</th>\n",
       "      <td>0.015328</td>\n",
       "      <td>0.067566</td>\n",
       "      <td>0.379159</td>\n",
       "      <td>0.322242</td>\n",
       "      <td>0.189768</td>\n",
       "      <td>0.202769</td>\n",
       "      <td>1.000000</td>\n",
       "      <td>-0.066654</td>\n",
       "      <td>0.239975</td>\n",
       "      <td>0.252379</td>\n",
       "      <td>-0.123860</td>\n",
       "      <td>0.204391</td>\n",
       "      <td>-0.030377</td>\n",
       "      <td>0.056590</td>\n",
       "    </tr>\n",
       "    <tr>\n",
       "      <th>comedy</th>\n",
       "      <td>-0.054461</td>\n",
       "      <td>-0.246059</td>\n",
       "      <td>-0.052272</td>\n",
       "      <td>-0.030508</td>\n",
       "      <td>-0.006886</td>\n",
       "      <td>0.070356</td>\n",
       "      <td>-0.066654</td>\n",
       "      <td>1.000000</td>\n",
       "      <td>0.002171</td>\n",
       "      <td>0.157524</td>\n",
       "      <td>-0.158612</td>\n",
       "      <td>-0.128530</td>\n",
       "      <td>-0.336208</td>\n",
       "      <td>0.032747</td>\n",
       "    </tr>\n",
       "    <tr>\n",
       "      <th>fantasy</th>\n",
       "      <td>-0.007646</td>\n",
       "      <td>-0.031648</td>\n",
       "      <td>0.248664</td>\n",
       "      <td>0.211556</td>\n",
       "      <td>0.124760</td>\n",
       "      <td>0.159828</td>\n",
       "      <td>0.239975</td>\n",
       "      <td>0.002171</td>\n",
       "      <td>1.000000</td>\n",
       "      <td>0.279346</td>\n",
       "      <td>0.012888</td>\n",
       "      <td>0.093880</td>\n",
       "      <td>-0.097001</td>\n",
       "      <td>0.020129</td>\n",
       "    </tr>\n",
       "    <tr>\n",
       "      <th>family</th>\n",
       "      <td>0.012673</td>\n",
       "      <td>-0.174122</td>\n",
       "      <td>0.220875</td>\n",
       "      <td>0.211374</td>\n",
       "      <td>0.143312</td>\n",
       "      <td>0.573617</td>\n",
       "      <td>0.252379</td>\n",
       "      <td>0.157524</td>\n",
       "      <td>0.279346</td>\n",
       "      <td>1.000000</td>\n",
       "      <td>-0.113716</td>\n",
       "      <td>0.002534</td>\n",
       "      <td>-0.193536</td>\n",
       "      <td>0.059805</td>\n",
       "    </tr>\n",
       "    <tr>\n",
       "      <th>horror</th>\n",
       "      <td>-0.041054</td>\n",
       "      <td>-0.178144</td>\n",
       "      <td>-0.127755</td>\n",
       "      <td>-0.083568</td>\n",
       "      <td>-0.029301</td>\n",
       "      <td>-0.083835</td>\n",
       "      <td>-0.123860</td>\n",
       "      <td>-0.158612</td>\n",
       "      <td>0.012888</td>\n",
       "      <td>-0.113716</td>\n",
       "      <td>1.000000</td>\n",
       "      <td>0.103145</td>\n",
       "      <td>0.225782</td>\n",
       "      <td>0.018947</td>\n",
       "    </tr>\n",
       "    <tr>\n",
       "      <th>science fiction</th>\n",
       "      <td>-0.028320</td>\n",
       "      <td>-0.030904</td>\n",
       "      <td>0.193480</td>\n",
       "      <td>0.135774</td>\n",
       "      <td>0.057136</td>\n",
       "      <td>-0.001333</td>\n",
       "      <td>0.204391</td>\n",
       "      <td>-0.128530</td>\n",
       "      <td>0.093880</td>\n",
       "      <td>0.002534</td>\n",
       "      <td>0.103145</td>\n",
       "      <td>1.000000</td>\n",
       "      <td>0.090650</td>\n",
       "      <td>-0.018906</td>\n",
       "    </tr>\n",
       "    <tr>\n",
       "      <th>thriller</th>\n",
       "      <td>-0.023953</td>\n",
       "      <td>-0.004475</td>\n",
       "      <td>0.020046</td>\n",
       "      <td>-0.023834</td>\n",
       "      <td>-0.046577</td>\n",
       "      <td>-0.140141</td>\n",
       "      <td>-0.030377</td>\n",
       "      <td>-0.336208</td>\n",
       "      <td>-0.097001</td>\n",
       "      <td>-0.193536</td>\n",
       "      <td>0.225782</td>\n",
       "      <td>0.090650</td>\n",
       "      <td>1.000000</td>\n",
       "      <td>-0.053945</td>\n",
       "    </tr>\n",
       "    <tr>\n",
       "      <th>hit</th>\n",
       "      <td>0.027287</td>\n",
       "      <td>0.055456</td>\n",
       "      <td>0.064797</td>\n",
       "      <td>0.525448</td>\n",
       "      <td>0.683947</td>\n",
       "      <td>0.070761</td>\n",
       "      <td>0.056590</td>\n",
       "      <td>0.032747</td>\n",
       "      <td>0.020129</td>\n",
       "      <td>0.059805</td>\n",
       "      <td>0.018947</td>\n",
       "      <td>-0.018906</td>\n",
       "      <td>-0.053945</td>\n",
       "      <td>1.000000</td>\n",
       "    </tr>\n",
       "  </tbody>\n",
       "</table>\n",
       "</div>"
      ],
      "text/plain": [
       "                 release_week   runtime    budget   revenue    profit  \\\n",
       "release_week         1.000000  0.127273  0.028936  0.034558  0.028286   \n",
       "runtime              0.127273  1.000000  0.192669  0.190057  0.132871   \n",
       "budget               0.028936  0.192669  1.000000  0.734253  0.340335   \n",
       "revenue              0.034558  0.190057  0.734253  1.000000  0.888242   \n",
       "profit               0.028286  0.132871  0.340335  0.888242  1.000000   \n",
       "animation            0.016188 -0.211934  0.193761  0.194943  0.138901   \n",
       "adventure            0.015328  0.067566  0.379159  0.322242  0.189768   \n",
       "comedy              -0.054461 -0.246059 -0.052272 -0.030508 -0.006886   \n",
       "fantasy             -0.007646 -0.031648  0.248664  0.211556  0.124760   \n",
       "family               0.012673 -0.174122  0.220875  0.211374  0.143312   \n",
       "horror              -0.041054 -0.178144 -0.127755 -0.083568 -0.029301   \n",
       "science fiction     -0.028320 -0.030904  0.193480  0.135774  0.057136   \n",
       "thriller            -0.023953 -0.004475  0.020046 -0.023834 -0.046577   \n",
       "hit                  0.027287  0.055456  0.064797  0.525448  0.683947   \n",
       "\n",
       "                 animation  adventure    comedy   fantasy    family    horror  \\\n",
       "release_week      0.016188   0.015328 -0.054461 -0.007646  0.012673 -0.041054   \n",
       "runtime          -0.211934   0.067566 -0.246059 -0.031648 -0.174122 -0.178144   \n",
       "budget            0.193761   0.379159 -0.052272  0.248664  0.220875 -0.127755   \n",
       "revenue           0.194943   0.322242 -0.030508  0.211556  0.211374 -0.083568   \n",
       "profit            0.138901   0.189768 -0.006886  0.124760  0.143312 -0.029301   \n",
       "animation         1.000000   0.202769  0.070356  0.159828  0.573617 -0.083835   \n",
       "adventure         0.202769   1.000000 -0.066654  0.239975  0.252379 -0.123860   \n",
       "comedy            0.070356  -0.066654  1.000000  0.002171  0.157524 -0.158612   \n",
       "fantasy           0.159828   0.239975  0.002171  1.000000  0.279346  0.012888   \n",
       "family            0.573617   0.252379  0.157524  0.279346  1.000000 -0.113716   \n",
       "horror           -0.083835  -0.123860 -0.158612  0.012888 -0.113716  1.000000   \n",
       "science fiction  -0.001333   0.204391 -0.128530  0.093880  0.002534  0.103145   \n",
       "thriller         -0.140141  -0.030377 -0.336208 -0.097001 -0.193536  0.225782   \n",
       "hit               0.070761   0.056590  0.032747  0.020129  0.059805  0.018947   \n",
       "\n",
       "                 science fiction  thriller       hit  \n",
       "release_week           -0.028320 -0.023953  0.027287  \n",
       "runtime                -0.030904 -0.004475  0.055456  \n",
       "budget                  0.193480  0.020046  0.064797  \n",
       "revenue                 0.135774 -0.023834  0.525448  \n",
       "profit                  0.057136 -0.046577  0.683947  \n",
       "animation              -0.001333 -0.140141  0.070761  \n",
       "adventure               0.204391 -0.030377  0.056590  \n",
       "comedy                 -0.128530 -0.336208  0.032747  \n",
       "fantasy                 0.093880 -0.097001  0.020129  \n",
       "family                  0.002534 -0.193536  0.059805  \n",
       "horror                  0.103145  0.225782  0.018947  \n",
       "science fiction         1.000000  0.090650 -0.018906  \n",
       "thriller                0.090650  1.000000 -0.053945  \n",
       "hit                    -0.018906 -0.053945  1.000000  "
      ]
     },
     "execution_count": 13,
     "metadata": {},
     "output_type": "execute_result"
    }
   ],
   "source": [
    "films.corr()"
   ]
  },
  {
   "cell_type": "code",
   "execution_count": 134,
   "metadata": {
    "collapsed": false
   },
   "outputs": [
    {
     "data": {
      "text/html": [
       "<div>\n",
       "<table border=\"1\" class=\"dataframe\">\n",
       "  <thead>\n",
       "    <tr style=\"text-align: right;\">\n",
       "      <th></th>\n",
       "      <th>release_week</th>\n",
       "      <th>runtime</th>\n",
       "      <th>budget</th>\n",
       "      <th>animation</th>\n",
       "      <th>adventure</th>\n",
       "      <th>comedy</th>\n",
       "      <th>fantasy</th>\n",
       "      <th>family</th>\n",
       "      <th>horror</th>\n",
       "      <th>science fiction</th>\n",
       "      <th>thriller</th>\n",
       "    </tr>\n",
       "    <tr>\n",
       "      <th>title</th>\n",
       "      <th></th>\n",
       "      <th></th>\n",
       "      <th></th>\n",
       "      <th></th>\n",
       "      <th></th>\n",
       "      <th></th>\n",
       "      <th></th>\n",
       "      <th></th>\n",
       "      <th></th>\n",
       "      <th></th>\n",
       "      <th></th>\n",
       "    </tr>\n",
       "  </thead>\n",
       "  <tbody>\n",
       "    <tr>\n",
       "      <th>Toy Story</th>\n",
       "      <td>0.830189</td>\n",
       "      <td>0.239645</td>\n",
       "      <td>0.078947</td>\n",
       "      <td>1</td>\n",
       "      <td>0</td>\n",
       "      <td>1</td>\n",
       "      <td>0</td>\n",
       "      <td>1</td>\n",
       "      <td>0</td>\n",
       "      <td>0</td>\n",
       "      <td>0</td>\n",
       "    </tr>\n",
       "    <tr>\n",
       "      <th>Jumanji</th>\n",
       "      <td>0.943396</td>\n",
       "      <td>0.307692</td>\n",
       "      <td>0.171053</td>\n",
       "      <td>0</td>\n",
       "      <td>1</td>\n",
       "      <td>0</td>\n",
       "      <td>1</td>\n",
       "      <td>1</td>\n",
       "      <td>0</td>\n",
       "      <td>0</td>\n",
       "      <td>0</td>\n",
       "    </tr>\n",
       "    <tr>\n",
       "      <th>Waiting to Exhale</th>\n",
       "      <td>0.962264</td>\n",
       "      <td>0.375740</td>\n",
       "      <td>0.042105</td>\n",
       "      <td>0</td>\n",
       "      <td>0</td>\n",
       "      <td>1</td>\n",
       "      <td>0</td>\n",
       "      <td>0</td>\n",
       "      <td>0</td>\n",
       "      <td>0</td>\n",
       "      <td>0</td>\n",
       "    </tr>\n",
       "    <tr>\n",
       "      <th>Heat</th>\n",
       "      <td>0.943396</td>\n",
       "      <td>0.502959</td>\n",
       "      <td>0.157895</td>\n",
       "      <td>0</td>\n",
       "      <td>0</td>\n",
       "      <td>0</td>\n",
       "      <td>0</td>\n",
       "      <td>0</td>\n",
       "      <td>0</td>\n",
       "      <td>0</td>\n",
       "      <td>1</td>\n",
       "    </tr>\n",
       "    <tr>\n",
       "      <th>Sudden Death</th>\n",
       "      <td>0.962264</td>\n",
       "      <td>0.313609</td>\n",
       "      <td>0.092105</td>\n",
       "      <td>0</td>\n",
       "      <td>1</td>\n",
       "      <td>0</td>\n",
       "      <td>0</td>\n",
       "      <td>0</td>\n",
       "      <td>0</td>\n",
       "      <td>0</td>\n",
       "      <td>1</td>\n",
       "    </tr>\n",
       "  </tbody>\n",
       "</table>\n",
       "</div>"
      ],
      "text/plain": [
       "                   release_week   runtime    budget  animation  adventure  \\\n",
       "title                                                                       \n",
       "Toy Story              0.830189  0.239645  0.078947          1          0   \n",
       "Jumanji                0.943396  0.307692  0.171053          0          1   \n",
       "Waiting to Exhale      0.962264  0.375740  0.042105          0          0   \n",
       "Heat                   0.943396  0.502959  0.157895          0          0   \n",
       "Sudden Death           0.962264  0.313609  0.092105          0          1   \n",
       "\n",
       "                   comedy  fantasy  family  horror  science fiction  thriller  \n",
       "title                                                                          \n",
       "Toy Story               1        0       1       0                0         0  \n",
       "Jumanji                 0        1       1       0                0         0  \n",
       "Waiting to Exhale       1        0       0       0                0         0  \n",
       "Heat                    0        0       0       0                0         1  \n",
       "Sudden Death            0        0       0       0                0         1  "
      ]
     },
     "execution_count": 134,
     "metadata": {},
     "output_type": "execute_result"
    }
   ],
   "source": [
    "from sklearn.preprocessing import MinMaxScaler\n",
    "films_data = films.set_index('title')\n",
    "\n",
    "target = films_data.dropna().hit\n",
    "films_data = films_data.drop(['hit', 'genres', 'revenue', 'profit'], axis=1).dropna()\n",
    "\n",
    "scaler = MinMaxScaler()\n",
    "films_data[['release_week', 'runtime', 'budget']] = scaler.fit_transform(films_data[['release_week', \n",
    "                                                                                     'runtime', \n",
    "                                                                                     'budget']])\n",
    "films_data.head()"
   ]
  },
  {
   "cell_type": "code",
   "execution_count": 175,
   "metadata": {
    "collapsed": false
   },
   "outputs": [],
   "source": [
    "X_train,X_test,y_train,y_test = train_test_split(films_data,target,test_size=.3)"
   ]
  },
  {
   "cell_type": "code",
   "execution_count": 140,
   "metadata": {
    "collapsed": true
   },
   "outputs": [],
   "source": [
    "#K-nearest neighbors\n",
    "\n",
    "#1. import \n",
    "from sklearn.neighbors import KNeighborsClassifier\n",
    "\n",
    "#2. instantiate\n",
    "\n",
    "knn = KNeighborsClassifier(n_neighbors=2)"
   ]
  },
  {
   "cell_type": "code",
   "execution_count": 141,
   "metadata": {
    "collapsed": false
   },
   "outputs": [
    {
     "name": "stdout",
     "output_type": "stream",
     "text": [
      "Index([u'Sleepy Hollow', u'Femme Fatale', u'A Man for All Seasons',\n",
      "       u'Never Talk to Strangers', u'Men of Honor'],\n",
      "      dtype='object', name=u'title')\n",
      "prediction: [ 0  0  0  0 -1]\n",
      "Sleepy Hollow : 0\n",
      "Femme Fatale : -1\n",
      "A Man for All Seasons : 0\n",
      "Never Talk to Strangers : 0\n",
      "Men of Honor : 0\n"
     ]
    }
   ],
   "source": [
    "\n",
    "\n",
    "#3. fit (aka \"train\" on your labeled data)\n",
    "knn.fit(X_train, y_train)\n",
    "\n",
    "#4. Make new predictions or score\n",
    "#films_data_sample = films_data.sample(5)\n",
    "print X_test.index\n",
    "#target[\"Drop Dead Fred\"]\n",
    "\n",
    "print \"prediction:\", knn.predict(X_test)\n",
    "\n",
    "\n",
    "for i in X_test.index:\n",
    "    print i, \":\", y_test[i]\n",
    "#print \"actual: \", target[films_data_sample] "
   ]
  },
  {
   "cell_type": "code",
   "execution_count": 143,
   "metadata": {
    "collapsed": false
   },
   "outputs": [],
   "source": [
    "from sklearn.tree import DecisionTreeClassifier\n",
    "from sklearn.cross_validation import cross_val_score, train_test_split\n",
    "from sklearn.datasets import make_classification\n",
    "from sklearn.metrics import confusion_matrix\n",
    "from sklearn.tree import export_graphviz\n",
    "from sklearn.model_selection import validation_curve, learning_curve\n",
    "import graphviz"
   ]
  },
  {
   "cell_type": "code",
   "execution_count": null,
   "metadata": {
    "collapsed": false
   },
   "outputs": [],
   "source": []
  },
  {
   "cell_type": "code",
   "execution_count": 166,
   "metadata": {
    "collapsed": true
   },
   "outputs": [],
   "source": [
    "model = DecisionTreeClassifier(max_depth=5)"
   ]
  },
  {
   "cell_type": "code",
   "execution_count": 167,
   "metadata": {
    "collapsed": false
   },
   "outputs": [
    {
     "data": {
      "text/plain": [
       "DecisionTreeClassifier(class_weight=None, criterion='gini', max_depth=5,\n",
       "            max_features=None, max_leaf_nodes=None,\n",
       "            min_impurity_decrease=0.0, min_impurity_split=None,\n",
       "            min_samples_leaf=1, min_samples_split=2,\n",
       "            min_weight_fraction_leaf=0.0, presort=False, random_state=None,\n",
       "            splitter='best')"
      ]
     },
     "execution_count": 167,
     "metadata": {},
     "output_type": "execute_result"
    }
   ],
   "source": [
    "model.fit(X_train, y_train)"
   ]
  },
  {
   "cell_type": "code",
   "execution_count": 168,
   "metadata": {
    "collapsed": false
   },
   "outputs": [
    {
     "data": {
      "text/plain": [
       "0.738926008413759"
      ]
     },
     "execution_count": 168,
     "metadata": {},
     "output_type": "execute_result"
    }
   ],
   "source": [
    "model.score(X_train, y_train)"
   ]
  },
  {
   "cell_type": "code",
   "execution_count": 169,
   "metadata": {
    "collapsed": false
   },
   "outputs": [
    {
     "data": {
      "text/plain": [
       "0.7112100965107646"
      ]
     },
     "execution_count": 169,
     "metadata": {},
     "output_type": "execute_result"
    }
   ],
   "source": [
    "model.score(X_test, y_test)"
   ]
  },
  {
   "cell_type": "code",
   "execution_count": 176,
   "metadata": {
    "collapsed": false
   },
   "outputs": [
    {
     "data": {
      "text/plain": [
       "[0.688412090623933,\n",
       " 0.7101543498301295,\n",
       " 0.7146632813894801,\n",
       " 0.7008792863855373,\n",
       " 0.7056468161290252,\n",
       " 0.7056461088127526,\n",
       " 0.6963612296075545,\n",
       " 0.6934441426748061,\n",
       " 0.6889345205734819,\n",
       " 0.6836372081460693,\n",
       " 0.6756796205072066,\n",
       " 0.672234858860769,\n",
       " 0.6605609560411044,\n",
       " 0.6544657629009876,\n",
       " 0.6539366567804541,\n",
       " 0.650223134520428,\n",
       " 0.6510217085708224,\n",
       " 0.6480997095641964,\n",
       " 0.6449191403305979]"
      ]
     },
     "execution_count": 176,
     "metadata": {},
     "output_type": "execute_result"
    },
    {
     "data": {
